33963
31460
46884
43538
43884
34698
46622
32105
43496
44975
39239
40687
38375
33309
46943
28071
27916
47487
45918
25853
44399
37727
27945
14199
35857
1838
40729
45785
11634
20678
45519
44492
44253
33189
47459
40698
47197
40099
44230
47477
31350
46753
41091
42032
38044
40805
4694
45874
38644
40083
46797
47584
44329
39485
47443
41095
18136
18194
27240
42158
36554
33168
42756
45458
39770
44576
40733
43873
40150
43104
13285
9048
38011
47357
43821
43867
37903
43658
41279
41232
42717
47225
42466
42806
42348
45349
41661
29083
21535
45964
38439
41052
47157
18709
44916
45771
45601
45949
42886
44448
37387
41839
43931
31936
44395
42603
28576
43195
43048
45484
41554
41506
41460
46439
38324
9578
41140
45214
41836
43690
12307
4945
39778
44595
44914
46201
45491
38129
42329
23035
38504
42085
43076
37682
45474
46052
24990
38715
43058
9030
44821
45241
38610
39565
44929
30120
42863
43719
45941
47526
45293
3064
43190
18189
45023
43546
46229
34877
41166
44425
22449
41955
39822
37597
40668
30347
13397
43922
43905
46171
47308
44106
10891
45867
47318
46563
31286
46865
44902
16119
39016
37774
41013
39288
44786
46846
45535
42027
46012
41474
34125
33223
33796
38783
42625
42816
43876
43907
46720
40944
41248
41357
36118
41861
40163
47042
42385
46143
43670
42005
7572
46478
9391
42473
9049
47456
11534
44651
42721
39227
11095
44696
47226
32849
46407
39104
36405
41104
46442
47012
35633
45525
38230
35891
43890
41508
35634
35859
43540
5067
45038
36000
43262
28287
46888
45444
23273
47082
21141
47015
25281
38338
43160
41373
42749
23862
15859
43834
15304
46627
42121
44941
41488
41664
9481
43096
46403
35738
43150
46844
34550
45860
10415
44907
42173
45213
42535
44461
41024
42182
44711
32188
41825
43327
44930
37538
23037
47254
8928
46657
28459
43574
33205
46392
39669
27416
23864
43151
37684
47578
47535
40653
45331
22799
9038
47300
27520
42939
41736
38339
43055
46746
34921
33783
47268
45873
39722
43359
44401
36214
37916
41336
47019
41402
27244
43665
45977
44079
44169
42797
47383
47290
47393
44020
45467
11017
44598
33502
47490
39960
40900
36640
41739
43176
37788
39779
41165
33157
43362
38501
34936
39554
47389
37922
40608
33198
39776
47400
41605
45682
41453
47399
41430
41617
47428
30928
38474
45763
41154
30550
33503
40941
47466
37118
47330
38028
33218
31752
31474
47340
40277
45610
43615
46716
47532
42207
42101
36029
45998
46771
33156
46585
38741
47171
43330
35844
42209
33594
45813
36016
43923
19414
37527
39335
44896
41677
44778
44121
43322
44095
41016
43324
42475
37697
46025
37119
45974
27015
26687
39120
42724
40345
43868
38515
44156
37539
41065
33495
45866
39333
1368
34369
43565
39592
7221
45696
31832
41486
46106
32344
38397
13572
34580
47449
39312
43291
45358
39401
35334
1391
37665
45664
44356
37366
41992
43580
47298
46530
40391
40030
21054
39797
43093
42906
27243
45650
47190
46706
43564
44964
43780
42107
41027
47089
8866
40053
32893
40731
11503
41082
42705
27033
45249
41155
44568
14281
38750
37187
47061
42679
1527
45336
44643
46932
38906
45754
43766
41178
38568
45659
31396
40909
26753
46084
39830
42409
1397
41628
34873
43078
46369
37038
41230
42995
43548
41220
44111
46857
39254
39804
47326
42224
46649
41495
43441
36805
41964
43328
31935
43453
32897
16296
37614
44278
46576
33220
25657
41649
40046
31789
44976
46831
45318
44517
47461
38117
25329
39557
42347
44157
41991
40092
20681
42844
40684
39407
44068
12377
12819
38613
35971
46895
40327
44427
31921
40125
45705
42638
44872
43155
32186
28075
46359
44217
4929
22833
34788
23900
29009
12700
41610
45783
46526
39570
28327
29035
44233
46477
12216
30471
47480
38809
41015
18016
39325
44942
43954
40147
42892
45878
27167
40930
44961
42231
47376
46496
37633
47426
44221
45311
42492
44627
26834
10533
36309
46508
38400
44702
40434
31930
39532
33144
36793
40614
39274
44420
44151
45707
33194
44908
45520
42540
41300
45333
43671
35086
31443
45039
34942
47451
38793
39589
34995
45671
37313
41409
40415
27790
47316
42367
12308
36193
45481
38399
40648
46812
41917
44819
42187
39957
31673
41332
39949
46121
43925
38379
42002
41014
43421
38965
35332
15597
40902
41080
39186
4926
46702
45498
36876
43642
42664
45700
47548
46833
47105
42211
43717
27568
4024
47297
41307
46814
38119
41269
42297
41312
46941
46986
45107
44048
40206
44749
42521
41051
45710
44384
43862
46277
35377
27629
44189
40367
26180
38204
41501
13136
42507
36580
30906
41468
42391
46500
21241
42829
46962
44972
44347
32104
44634
32426
37550
12344
41618
38983
23560
47221
37630
45098
36102
46882
38630
45010
41548
44581
47121
40082
3882
37894
31916
27521
45802
42609
45905
39322
35412
41582
45542
33177
39617
25046
42171
42665
42522
44391
46811
44225
46437
46487
44839
7571
35658
18896
41472
36582
46182
43655
37333
42403
27145
10058
32345
44449
29673
20430
42445
47410
42066
28324
15889
45001
40414
45758
22609
17824
46687
45185
32173
45522
43378
40776
32407
40094
44715
40186
43584
42494
41698
37590
28164
37303
41367
45026
46732
47346
46493
40265
46915
40465
37480
46090
43416
46741
38497
36771
47246
39214
37342
32375
44586
33099
45381
46893
34432
46631
3644
44650
38562
33137
47568
34163
35635
40438
28940
46903
35005
35860
47508
36215
5883
47315
40211
43754
33148
33616
40329
45595
34168
35654
38260
45680
33991
40929
34869
43793
39405
44348
34228
47555
41713
42410
46749
38223
41174
40748
47475
40427
4935
41170
39100
38846
31477
45629
40675
11557
46314
30648
24626
20680
40780
38237
44362
41709
41965
39286
43303
42088
42243
37288
45748
41676
11024
39783
45090
46481
34703
35839
44508
22934
41400
43711
46103
40730
45926
44588
12618
46399
44658
45476
45914
42580
13383
36671
42725
35851
40766
37372
41935
34367
25330
44688
35657
13399
34232
40413
47471
41050
32270
44042
41211
43791
15277
41328
10300
44174
30481
43460
39194
36725
43892
46816
12633
44381
39275
27187
45370
41987
40100
42349
45169
35376
39310
35916
46842
39290
46688
22847
43386
47202
41039
17407
4329
39452
38014
36780
14220
27178
43918
47227
8932
44918
38682
46692
27564
47523
42569
41526
41562
39164
32894
46483
40656
47409
41855
45943
44122
39534
44606
37726
46033
44398
40034
38500
42336
43777
38624
44690
43349
45691
35125
47561
36256
43813
47468
38365
33143
7702
37194
36526
45598
22617
37930
46587
41748
31504
37086
25479
38707
43581
42997
29026
41252
46650
42551
41426
46360
41979
33647
37535
34156
39562
44039
46745
46294
41388
43701
41540
42186
36436
35602
39045
44933
25801
9452
37072
44277
45619
38915
32551
46598
42537
41296
43316
45655
42449
43148
29208
36377
38374
42684
41898
29439
33201
36895
37789
11527
47069
36249
4897
45968
37110
25184
31702
46660
44717
39610
40613
38364
32603
40504
42881
42011
38683
3637
47314
37645
45344
35007
27397
44168
2852
45018
46543
22771
46231
42371
42339
44767
47329
43785
17799
21342
28799
46127
45576
43217
45683
41364
40239
36370
44759
45164
11023
42089
37137
42204
45135
46826
29010
46869
6968
42096
41834
47294
44159
47360
44747
43765
42804
46133
37896
44457
24623
46234
45106
33308
46088
37548
47412
43101
41620
47332
42902
44466
40376
44686
33203
40116
41778
45256
41385
44547
46105
28608
47558
44218
45568
41573
39520
44662
43527
45013
42539
41293
27168
39971
46665
34854
38015
23166
44554
40601
45425
44474
39426
23983
40798
43066
39159
42615
45374
41578
44390
39547
40290
36873
46147
39141
44566
39060
40319
40039
42557
31422
22218
44116
46318
38103
42244
9398
28213
44194
47581
43053
47533
40283
47146
38645
41893
46507
32873
38480
41229
46445
45294
37683
44386
42081
43649
47570
46841
43203
39759
46910
45083
45298
47398
27994
31360
44596
21355
46654
40425
39268
39387
46834
42606
39567
40830
44781
27789
39078
42164
45728
45508
25407
36781
39474
22196
43835
43865
45765
41105
40134
40956
45638
42230
42506
46164
35890
18430
42167
45232
47073
45890
40241
39243
35883
29637
40714
36200
42612
38969
33593
43419
44667
25573
45447
27241
38024
33546
39314
41327
36637
23044
39801
22606
44539
40428
42417
27285
4943
45908
38508
37056
14009
43424
28023
37390
28956
13699
9607
44147
39259
42084
41470
24619
38121
41521
1852
40090
40390
45053
44812
43123
42833
47041
12792
43805
43200
46451
40071
42219
38152
33167
33947
27786
34308
38091
47058
30545
46413
42698
36369
44560
7696
45833
43611
37787
4756
42402
41744
42251
44022
39306
38635
42832
47397
45259
46266
13222
3805
43458
46570
39768
37399
43070
44059
45756
41890
47539
34470
46289
27969
42337
46854
43911
47432
38341
43696
29868
45739
42305
45603
17712
25408
21184
12963
37952
42516
41889
38772
38899
28047
44764
46952
46220
46404
37135
42252
42752
41560
41443
47402
40368
43848
44379
47065
34709
41441
40388
36933
42879
43637
38844
47150
39085
45585
39549
40173
42530
38623
40778
42225
43664
28587
33138
43720
40047
44295
41047
44722
46945
46260
46628
33090
47470
46484
46119
40814
47231
45752
37465
38272
42316
29060
27972
43427
43882
44028
851
21586
47299
46861
41703
25552
44123
36915
33222
46731
46536
39083
43908
39953
24299
42299
39311
38270
37295
38960
23031
45972
39982
45427
30973
30874
46212
43100
25225
42828
41390
41449
44648
40725
31397
43654
38380
43352
40358
45354
38392
47515
37809
42545
36426
45946
46018
38650
33192
47200
38254
46467
40001
29254
37267
41995
17403
45206
45528
43734
27633
47291
26271
47541
31915
44300
43659
42837
38081
6393
6943
36356
40657
44858
28712
37224
46819
44440
43507
46194
2843
36706
47224
22611
36584
46835
46828
37526
42119
45759
41828
30633
42617
46327
47379
47307
40882
34941
39413
45290
46806
47279
45609
44763
42575
42012
46684
42577
43735
45404
45088
19204
9033
44986
43547
47074
42846
38822
25108
42573
36120
44033
39013
45584
33578
43224
32308
47212
39506
27919
37417
40249
28706
31830
41832
47386
38727
45531
42703
41715
41872
40964
42636
47029
46840
47320
45320
44746
44652
40065
45855
46972
7700
45800
38061
46353
42490
36574
43837
45625
46612
40377
29253
39471
13700
41635
28174
44675
29199
43666
39944
16825
31655
4932
44195
46458
37685
40104
46186
28964
47422
43432
37804
44572
39641
38276
44670
43885
5208
45174
47240
46885
43403
40789
31977
42547
45902
47044
45347
46473
47037
30679
45181
28609
43562
44925
45108
41160
4681
39308
47446
41147
37041
46510
31910
41228
45246
9051
39115
38747
42616
35607
22533
41234
45237
29396
45990
23773
23899
46450
46432
44497
9333
42353
46762
42144
31787
38901
27183
45175
40085
40738
33230
44730
27058
26833
8915
46541
43900
31848
45341
46917
47441
26460
43051
40411
33159
39088
41396
43827
40028
45829
40270
27186
43737
44320
42610
23272
44636
44656
20676
39546
47493
9395
41653
32132
36138
25575
45380
46091
46465
26182
45662
13398
10941
40793
43074
37409
47195
40635
13571
25146
39258
38323
44291
42400
44064
38937
35737
39955
27248
32084
28328
38417
42295
36189
27808
42313
39395
47273
45724
43550
43121
44723
26704
45764
45322
33458
43153
42922
35463
44742
41287
46542
45100
37532
21055
38520
43389
46173
47056
29161
44344
31937
41130
31351
24305
45644
40076
43135
47361
46620
40923
37423
27926
37742
46275
43509
45016
43850
45215
43903
42723
42130
39516
39150
43136
47175
37274
46715
39241
41592
44865
38163
38289
46891
30793
39012
40324
45582
43247
12695
44146
40992
41630
41692
43672
37314
44458
38437
11282
42632
46054
38405
43050
42517
47002
40705
32062
44072
40195
30790
41829
45602
42626
46207
44777
46518
39273
41271
45505
43968
46389
35593
33158
43446
47262
40433
39733
43897
33217
39468
38126
37000
31923
46938
42233
38530
41529
42523
45939
42275
40742
47235
39436
39473
45340
38387
42769
46699
41254
44475
35970
43449
46488
47265
36862
15885
45128
8615
39831
13636
38931
34033
41079
43980
43783
42792
44721
30264
42264
43986
41770
42790
42379
32280
33043
38124
45721
46362
27921
22615
43270
47070
17396
45859
40719
41156
21536
21626
40102
9042
32709
47141
46340
42935
29451
6408
45137
46851
37858
40299
41681
41569
45415
33945
39287
41707
23019
15572
44178
25226
7383
34596
44002
21850
34468
41673
36111
43689
41317
41564
36307
44601
44406
43964
41194
45342
46282
16734
21294
31669
35381
39247
46110
39146
41519
36112
45824
47122
15144
36892
47154
3063
44499
39484
42722
43749
45553
43609
27981
33107
38231
27978
40904
44088
20927
45536
44397
43706
44910
41454
44404
46610
30379
44697
46978
41020
43979
3636
34945
44913
45299
37427
45577
31582
43501
45183
40914
46380
33100
16300
41177
46798
43430
17765
44635
46414
45932
8652
15662
46769
42028
40285
47207
38681
41448
41176
29862
31917
46265
39409
31502
41502
45663
42468
43357
39071
46244
36349
39296
41350
37899
45742
41924
3059
46908
17372
33193
45551
40128
34213
41475
41025
47201
46187
23230
41892
35656
45570
41068
43836
15489
47525
14222
15937
39462
39305
43471
19927
22178
20623
45403
19622
40332
39396
43804
39044
39757
30632
40736
36894
45463
21173
47192
47243
37168
42228
47351
38830
46613
40658
37477
42598
44314
46351
22720
43318
33863
38849
43621
38676
42990
35336
24729
41148
4807
31675
44107
33028
45419
46935
6568
45097
41541
44437
37178
1803
38988
34529
31653
32056
45532
45008
43543
45726
36127
43188
47559
45044
7695
40680
9331
44741
41139
41763
45210
39059
45271
42380
43253
46634
39958
43202
34883
44009
31849
43640
7135
32336
47452
38065
28464
45359
42602
20686
42455
43154
35625
30640
22540
42597
40683
39233
12744
37495
38391
46912
33946
43822
43891
14280
33182
21415
46456
46081
43927
43852
39824
38101
31911
38127
23561
41906
45633
45036
33005
38739
43274
46722
32077
47067
42150
45254
38111
39538
46544
39811
42069
44991
40638
41895
47306
44584
44518
41571
37668
46599
44621
40060
38875
47076
41125
42543
47303
46466
45378
46579
38835
41946
45858
45142
42591
14197
45056
4942
44996
43688
43844
42202
35858
38340
40359
41762
44646
37923
43385
34868
43434
37167
24090
27562
46449
43371
40419
43261
21649
41081
46800
39422
44455
46727
44114
36674
45506
47047
41497
41308
40464
44888
46126
33154
33740
43377
41947
45454
42611
43166
40313
33642
11611
28598
41545
37918
46668
46560
39129
45120
39795
45526
46444
20025
18190
38418
42249
27247
47501
46155
43228
39209
37099
37831
44495
33210
46948
35686
42519
8922
46604
46921
43633
43878
42469
45184
47292
31800
36484
47115
44953
43415
33716
39810
41558
47098
44703
47129
43425
31864
43624
37739
46346
42773
43393
27571
45959
39024
41658
44947
43321
31691
46913
21139
43861
47344
45797
31660
21171
3640
39550
39411
35884
31457
41494
37421
40023
44816
38049
42805
43686
40602
45452
43529
44341
46165
42568
31505
38995
41760
45828
35856
38802
41591
43678
44732
45712
40263
36470
44091
45715
28792
47087
34229
42153
41345
46310
39598
46471
41066
40915
26474
45507
40539
26008
46120
38521
42515
44622
39926
24502
45698
43935
28036
31925
45767
39954
33152
30292
17411
40727
39487
41648
45702
45143
37817
44489
42880
46911
32009
31649
25451
23041
37733
40951
45817
46760
36664
46698
45510
35748
44409
44430
33768
31458
45067
41747
44342
47293
40038
43285
45953
32106
33845
42234
16930
43382
12345
42794
40436
32404
46425
41981
39556
22217
35071
25372
47095
42214
33626
44454
32463
40652
40289
41023
45301
45716
39825
45996
46774
46206
46751
12856
29843
33865
41121
37270
22798
27787
38429
40337
46278
43995
44065
42887
40068
28239
45875
33813
34858
12656
37547
40975
40354
24292
38629
36904
40976
32318
45094
42536
46428
35410
47144
41944
33247
42114
47139
39086
43563
35362
44570
45316
27214
41957
45433
46224
40934
46700
44128
46830
33146
38593
30649
38403
43815
35358
43537
26676
23982
41553
46744
32629
43326
45922
44170
44892
44673
45981
39203
42758
39571
40291
39304
44115
40297
31919
47448
47191
41172
29028
44087
45455
36922
36108
36213
15622
42802
28470
38752
44545
8871
37882
46773
41710
40994
45630
41062
38359
30178
45357
23206
43966
46853
28594
41037
43306
44592
43879
45319
28208
39195
41590
37452
22519
39964
44849
4850
16929
37034
31931
26688
30393
20190
39472
45218
44834
36675
43973
13570
40462
26035
43881
44640
47106
11896
45534
44052
13286
27513
45337
31914
33844
31760
28044
47133
36851
43481
42509
37108
43064
41431
34790
4923
29811
42037
46713
44422
32512
38731
41325
47549
46436
22819
37912
44030
42440
39062
41822
46852
40712
2599
21336
40020
31933
40381
38357
47093
42696
23550
44525
5284
47000
41340
31011
39621
45278
43332
40078
39780
41354
45927
47137
40386
46509
23287
40003
12910
43941
37009
41623
46168
41883
33197
36481
4949
36571
41405
46491
37272
45020
47479
34944
43227
41416
45229
43209
34895
13283
44956
38522
47421
41452
41647
43063
42444
39234
45924
42332
46757
41069
29812
41343
41941
45910
42317
33216
39574
37289
39559
39156
43402
41758
43937
46807
14277
33812
6070
39469
40905
43940
46401
9604
30899
44979
1392
37714
39238
38959
27511
43433
46550
43184
12794
46683
44512
40955
28166
37528
46739
37725
47406
44407
20765
11279
35326
46364
24379
46268
38389
20682
41732
39618
47272
43395
38725
44176
44738
37316
42645
34853
42511
41063
42940
38039
43290
7697
19157
12635
11302
46863
27011
45327
45406
46817
41129
39569
31753
40378
35324
42866
47440
44312
22426
44899
38411
28590
40470
19501
42872
38363
42687
46283
41401
46074
46588
40105
41499
40809
41940
37681
8714
40284
40711
34612
44343
39752
40843
43680
28163
45065
39317
40642
41881
41547
43568
19054
22760
46336
44304
38776
12059
44515
36992
38529
37701
45976
36641
33610
27922
45782
45907
42042
15600
44468
44036
46253
39623
45409
46616
20702
43951
37741
44298
25683
42566
40091
39291
45979
46135
32926
46738
41868
42729
31328
45082
44514
27286
20343
45521
16045
42624
45457
41478
44864
44978
16735
44558
38981
47104
41371
42585
22216
20654
13669
37170
42646
44476
45639
24335
45192
41038
39707
45518
46300
36306
42181
31304
44387
44394
32583
33221
47377
39596
43468
40002
33862
41461
47094
38815
37690
16824
44007
39713
46073
43703
38087
43801
46897
46623
42461
38794
39708
39959
44685
30635
35716
1367
37010
27720
40959
46711
47220
43257
43355
43657
40636
44013
19504
47256
38023
40991
27287
39388
40175
42321
41379
41484
38280
43577
45490
44082
30351
40282
8873
46301
39237
43097
31654
41939
44441
41772
32401
4884
36727
37721
40293
33575
43591
43456
40917
39321
38712
46370
47547
11511
45730
45201
47483
44538
23562
39410
40632
47057
46583
27251
45734
35611
36491
41408
42393
31944
46324
27384
7196
40913
46026
46242
42670
27515
42830
36437
29422
40027
41071
45470
41581
45367
46630
9040
46468
39603
24731
10439
10807
45626
11021
9043
45248
36525
40787
38105
41669
38692
3750
30377
43816
11514
43556
43807
41570
46388
43595
37639
45901
39011
32005
44555
40479
46384
46295
33195
22403
46230
46511
45751
43513
46515
29027
43464
42431
44127
47081
39773
1387
43057
33706
40423
33511
29832
43610
24070
47285
42675
22215
38863
45383
42841
40804
41306
47362
43431
43059
42226
39185
41678
31399
47368
7482
41926
36266
38547
43086
5630
42916
39256
15598
41304
42009
28469
42479
41830
44026
44866
46464
27569
44066
31447
45645
16298
46944
31646
40486
47345
42378
25998
38492
44140
39815
39477
43769
42854
46427
42514
11020
27417
35073
45071
46354
45722
43784
36575
42395
46504
42508
41693
7653
37481
25097
47295
45292
46676
37591
44844
47579
47034
43899
44435
27917
33169
31834
9189
33609
36198
43628
47039
22917
46183
38940
45694
14219
40181
42808
33860
45777
28457
39465
46696
35558
44520
45497
47465
43388
45569
39508
45212
24489
42936
44563
45549
37646
43603
38861
32347
47078
37696
39047
33876
38599
45304
36665
43622
46767
42888
25848
38548
33589
35169
34898
40421
28575
43539
40067
41668
40232
46597
45880
40079
43812
44006
39784
37989
42076
42639
34946
31801
32182
38141
43113
38167
41299
46565
39171
42390
45387
38150
28073
40165
43883
42198
44075
46383
29713
35808
44080
36935
42157
46682
42847
36211
44161
45303
36364
39151
45515
41424
40006
25849
45091
43498
45781
38123
41509
43273
45440
44164
46480
46899
45464
47259
45119
42583
45588
28078
43447
7694
42528
38571
43533
46836
41503
45801
46937
28846
41754
43508
42681
32321
34876
3630
46297
42559
47215
34072
43265
42513
39643
41329
8917
45928
43772
46250
41002
42482
33767
43569
42498
43847
41132
28329
38271
28978
44846
33187
45750
39175
41358
37291
31525
22604
21537
44038
18760
24638
43120
31420
40460
22518
46492
44029
45547
46886
39124
37318
42406
42630
46211
17817
39692
36148
44527
30547
46299
33032
41882
37199
41466
46185
45225
42190
40634
42283
31918
43694
46223
9045
4888
34705
42097
40045
38435
42894
46184
45244
47213
47266
47384
43466
44345
43163
46386
30546
43312
39952
39025
8870
36027
47194
40385
44719
44707
40115
45903
47142
38384
42491
33235
22534
47372
31821
37292
45906
46192
37857
46344
47155
27632
43962
6951
41258
34436
22770
35850
39482
42454
47546
41761
44220
34506
45104
29282
33866
42666
42874
42280
40240
40968
34513
25813
42629
43368
40253
46322
40772
38470
29248
47564
42184
10060
47242
43046
39564
43156
33237
40431
42608
35468
32176
29870
4409
45947
44186
39993
47420
47167
28711
38816
39147
30980
39389
47577
45985
27252
47494
40855
43875
44313
42822
41428
39684
31999
44982
35909
34294
45593
42798
19200
46709
25559
40370
24460
46789
44752
46677
45563
43817
35126
26287
44548
46784
38887
31496
44032
45040
41399
30378
46982
32108
12196
47543
42048
43915
42414
41929
43175
40179
44788
42676
30176
14229
46137
38189
34867
46019
46111
44388
15527
46051
42576
33141
41556
17406
18437
41764
40218
34380
38102
41404
38498
36420
45676
45375
3796
31863
45938
44144
37703
44898
43864
44705
44886
33190
44188
44135
41950
36796
46928
40205
42772
32376
44484
37386
28589
45881
19930
39205
9035
47020
16475
18188
25149
43744
43159
41286
45253
38468
12063
47482
19437
44429
42210
33200
47283
43309
45820
43164
38006
41127
45443
40365
9053
39334
44809
43344
43643
27516
32098
41689
33219
3641
37624
41164
33500
30531
46199
47059
46782
46375
42215
45500
41241
42416
46799
40158
44847
40645
34878
45389
42883
21343
37642
41273
41022
37692
21293
20683
42554
39745
43462
26866
44765
46406
42925
19457
39408
46015
44423
41619
11657
39193
44101
43661
38546
47499
41083
28003
40044
11897
46189
24576
42565
46629
16851
40330
25098
40231
42160
40279
46989
29425
41679
13450
41410
45448
35383
33548
30616
37705
43177
40927
47563
47148
22450
46849
42817
31119
38942
43268
42394
36660
26027
42899
44062
45482
11725
46763
37555
40703
45130
37939
40153
44744
44936
42043
43087
8224
42425
11559
46027
1858
29888
35855
38646
45761
41462
45052
38798
45697
44909
39509
25455
44884
46254
47123
38076
44542
47495
40750
45021
41458
42138
43251
41821
27543
30907
39753
46307
12382
31531
44494
42635
44105
47331
37217
40943
41572
41746
37039
40326
27567
46021
47497
46489
39303
27468
37834
46607
47280
44792
33170
42831
46551
10064
33861
43947
40802
40366
44413
21186
35741
39709
38805
37898
42291
41983
37881
38857
43992
45711
46600
7691
46547
41918
37202
43727
38275
34918
40022
43692
36995
43409
3638
13203
28455
43007
33096
40208
37964
46167
44955
43645
45713
31803
44534
43917
46038
44073
44787
23279
28210
45019
41316
37856
38342
35333
39028
43215
42269
37533
35687
39683
36991
46810
39992
45674
10226
15125
38902
15860
45984
40688
39787
44825
41267
39796
39131
24535
46735
27012
34884
28215
43961
37425
31817
47509
43345
46368
3402
31313
39744
34922
39681
39037
47088
42875
44478
33709
28453
42739
40057
43126
43787
44310
46453
32109
42605
43795
42388
41505
14180
44653
44860
42201
34852
41280
34533
35173
39735
27371
42255
32606
41932
37418
41697
42460
43292
41711
44577
37476
44645
42986
41532
45401
46240
29202
47538
40689
46818
46808
33782
41011
31912
45012
31231
28229
40932
8233
40268
37401
6425
44605
41356
38949
46469
23905
37534
39836
38625
41729
41342
46786
3025
45431
45978
42734
44315
39084
32175
47173
36761
41318
13391
6836
45059
47140
42170
40131
43803
45982
43426
44614
43443
31626
41221
39837
39384
14210
39999
43714
4930
46728
45591
45492
46066
43335
25263
43475
46366
47219
34613
43969
44541
42110
47025
43602
45561
40237
41934
44021
45441
43950
46076
21720
18015
38878
28214
45886
44709
39943
45160
45126
43957
37482
37007
39503
44436
45469
41175
32402
38537
29611
39072
38733
40723
42189
44363
43483
44533
37641
38768
45581
43079
31400
46474
41457
45608
37297
33179
44720
39019
46545
41576
38120
34896
40209
46855
41750
28577
45587
44086
42718
13565
29863
43437
41920
45634
47077
27245
42484
44862
25343
41249
46086
40710
47063
33611
41106
41682
46157
38440
47478
42648
46017
27526
41718
40112
45618
16852
39548
9678
38751
37919
45904
45706
45466
13574
23863
19189
43407
38905
22627
46315
33492
39010
42443
43710
44487
41361
31634
45861
41662
45487
34036
45321
42258
38604
40266
27923
43641
45627
45651
32119
38594
38904
12060
46440
7692
41579
43830
45670
46994
45819
45391
19924
47423
37540
46936
36570
39720
40477
43487
36202
34938
11198
5120
41440
46020
16302
33711
41451
38847
45351
40708
44530
13566
46862
38383
45015
25099
44676
46405
31530
46393
43838
43677
46287
42702
41993
36726
47032
37984
46653
46792
42340
45678
35659
13405
47090
5206
41046
6948
36367
45296
28089
40800
38360
46638
44357
39077
37296
46522
28076
46557
34370
46793
42835
44626
9142
29210
40757
42278
15345
13569
45134
43225
43728
46506
34183
29431
40842
46498
44369
45101
16849
47430
46947
39213
43976
39282
42142
41867
44124
43842
42098
39125
44358
24702
46951
45686
38784
45897
14283
40198
8938
16113
31226
39297
47045
29514
42504
28471
41646
46969
10190
41366
43361
44074
47369
46906
39206
21196
24666
43488
45413
25395
40912
38259
37422
39983
45994
37277
39739
27523
42056
31501
47517
42155
18756
45116
33184
38543
35331
42428
34961
33207
37196
44993
45612
47507
43781
38075
8926
43660
32787
42298
22424
45274
41411
37990
45743
44339
40322
28468
45471
39459
44867
25870
24297
39255
44550
35378
24085
47184
33655
36248
43504
37144
11264
45305
39036
31014
45973
21157
40759
40458
43863
44754
46313
43675
47169
47003
39428
40221
22618
37204
46502
46858
41864
45207
39327
46730
43491
40965
41012
38140
46352
31703
45410
43485
43275
39945
28045
31805
41018
34960
45221
36464
45264
33224
38612
37859
44306
34307
46460
43494
43157
42487
34748
43189
31698
27284
32268
47405
43589
35550
41775
40475
44008
47347
40188
45930
41522
44587
36997
44340
42227
39711
40127
43975
33920
25183
35694
31492
44498
3373
21193
22655
14007
37864
38777
27304
28072
46879
46200
41469
26181
45058
45025
42678
35166
45272
38295
35655
28596
46648
47502
22321
17399
31802
37008
40397
40159
44810
33228
47130
46743
38652
44669
41144
46446
32377
6840
40785
28716
43773
29712
38008
34827
36569
46516
38224
44743
34870
42500
45216
37717
37176
45382
41477
38366
39536
42238
46271
46494
45803
39298
44054
43928
28236
39814
31495
39318
32335
18100
37509
39502
26867
6952
10810
40813
40400
41419
47028
18427
46064
37156
41559
44578
44019
38911
44415
41741
45793
45252
46992
42560
39245
38744
39927
26134
30686
41338
32710
46960
11610
47185
20866
43499
42195
42740
46670
10965
38191
34919
39967
41609
42079
45268
46930
43636
43089
41783
36844
37197
46556
46093
43269
44889
6031
29761
47206
41045
45869
43557
9052
46890
38962
45048
34182
46034
42434
46775
25574
45051
40314
33145
30933
15890
28332
11277
42571
41167
47048
46959
43067
44506
21296
46123
44513
47454
44937
37946
38305
42433
41099
37830
40298
26251
45070
44296
45453
7940
46433
43201
39819
46965
39738
47403
28871
15526
43520
24318
41420
38675
41246
43723
43757
45339
37100
45594
36461
45837
34894
42776
45776
46990
45583
45439
46756
43572
43760
43091
36877
46734
41523
43310
46274
34255
36705
39528
47209
42292
40953
34511
45234
43587
39809
39553
17707
39302
38035
45289
42021
43762
23903
34510
47492
28049
39736
47245
39483
31353
36283
38416
46956
39015
42312
41903
42273
42996
46457
47080
29184
11025
41450
43809
44706
42330
38721
43223
8929
34708
44522
12343
36795
35685
42642
47496
42889
32793
33149
28530
35838
41480
43394
43358
35852
39176
47031
43623
39107
28916
37712
42399
37511
41314
39399
22823
36531
33227
33493
42237
35565
39281
19053
44374
41633
38973
36897
41224
41824
40823
43596
42686
40070
7199
46561
43116
44097
43072
33147
43653
41349
35841
33164
40883
30647
43280
3326
45960
28539
33095
38165
44131
40132
46957
29554
31442
31658
41481
28212
37157
46122
38026
43171
42235
46770
42851
43278
44891
44361
38388
39248
37586
23447
42397
22527
47214
47498
46159
41621
44582
27977
41969
35564
45035
43140
39052
24400
46454
46109
35082
43820
42117
32221
42742
45916
45849
44984
6942
47510
36989
38720
26705
41835
40262
12642
46625
29025
43169
42927
46949
43839
25238
47524
46985
46077
38386
47099
7136
46495
40779
46673
28224
29974
36149
43277
41413
44771
29864
47450
44334
19188
46641
27010
45156
38780
41636
31503
37434
41712
40236
23551
31591
42346
39000
40649
47102
25452
34357
21290
30727
38195
41353
25993
42480
44871
42123
39660
40140
25456
44647
27528
42813
26832
42361
45009
31862
43047
36903
45239
14279
43519
43849
27180
42058
46779
47394
47537
41417
43612
36551
42659
40924
22633
22530
37189
33618
45668
40331
40081
39068
35840
39320
29595
43673
38453
45899
47247
42458
2853
46667
46823
38730
5976
29892
42476
27514
24954
44351
19319
46205
45504
38025
39336
44983
36953
44553
42677
42070
43566
46758
22626
43365
46485
41644
40248
38085
42627
43614
40704
28372
46357
42465
33525
46958
41580
47551
47433
38755
39832
44934
42281
47348
41650
41968
43286
25145
27009
41719
41365
38183
27619
42811
33136
46150
43314
46023
39693
45516
46251
46216
46222
46209
42842
24818
45400
45238
37874
40342
33006
45717
39316
37585
25185
42820
38799
40946
30979
44848
44239
44661
44878
45934
44850
43469
41028
39404
39662
39510
39542
38491
43180
43854
46221
39789
33617
44485
27246
47359
46219
42472
46578
44594
18763
33232
25448
45511
44165
22822
28989
41528
37088
45685
42033
40254
42744
46922
40398
11419
38036
45148
46345
46646
35214
35939
43832
33710
39080
42118
35172
15110
46575
41093
40182
37598
47238
36338
40801
42102
37577
24635
28161
43800
46114
36417
28454
42613
44590
31573
39987
28162
1859
42819
39675
42656
47337
45424
42381
37612
33588
46497
33459
36529
41216
43347
44562
26275
21295
37786
29975
3023
38034
45836
37353
40818
44141
39392
36201
8637
45334
35023
43846
44232
16850
47156
11510
47288
14278
46267
45275
47464
28238
39383
42743
13580
11591
40810
43857
14294
23266
4876
44153
25576
29212
28625
28852
44784
38438
45060
44861
27563
46024
38884
40845
46704
46228
40790
39545
2928
9454
43281
35810
44852
38296
42923
42614
44504
23020
43276
42398
43354
31234
45200
40756
47309
40692
45681
39139
38989
47108
45816
39599
38473
40233
46089
36947
31833
7701
46435
27782
21240
44089
44130
31303
44713
40185
41313
44655
40715
34548
33202
39385
44224
46140
45245
46752
39823
41355
36990
46864
46053
30549
47177
11225
46998
38883
46262
37219
44962
37829
27542
45862
46208
47302
43960
34231
37718
46338
37269
45202
41322
43467
35601
35024
24625
43729
41557
41447
44920
39041
31836
45190
43724
34375
39606
36194
23073
39800
44416
40041
43753
21402
46637
44389
37827
42915
45574
47429
46396
26142
47512
9401
38007
42122
36790
42556
39544
46755
30935
41856
45189
36988
39417
41492
45086
42818
47269
39087
44668
44129
46655
36262
44126
40650
8934
45095
38022
30905
25096
43831
43545
43191
39969
43981
47092
36730
43473
3633
47391
42314
42767
34857
25047
42082
3804
11656
36205
44109
38222
12197
33457
46593
42885
47467
45596
37902
37662
43348
46901
35170
46931
41942
42177
39996
22794
40734
35203
47260
27924
45315
3312
26736
47030
42619
44236
40338
42941
46678
40101
37125
42120
46225
39009
37319
41418
36993
41034
39995
40295
43219
46248
17375
42218
43301
43933
16128
22795
39032
46411
40822
31804
46796
43197
37343
43162
9840
43524
42488
39279
41323
38779
46079
43192
46438
37842
43541
39212
41967
38434
6426
45991
47573
45799
43916
40474
44070
46605
35510
43681
38939
27925
46377
42328
18509
33456
36874
45222
11019
37600
27505
40938
44453
22542
28602
9394
40898
30088
33185
44574
47120
37381
45121
45827
37467
42599
40696
46249
39108
47392
31522
45017
45703
44003
46408
42770
18200
46298
43721
44977
42750
39051
20753
46872
22428
43068
46705
16745
9396
38291
4887
42462
38012
36430
44874
40695
20764
41724
43808
46777
42712
28951
47312
40215
21849
43663
41297
38990
47375
43709
36429
44689
40643
45687
31337
44411
22623
44755
20030
39089
44863
23154
39560
45435
16746
44001
40148
43758
42706
22584
38216
40935
32076
42435
43819
40234
37066
44813
37483
43445
43945
40379
37592
13573
32405
18764
41442
45412
43408
44193
41691
43906
46742
13578
42303
40490
38891
40426
44575
33942
46652
38535
30667
23022
45024
42531
10227
34824
39261
47550
41921
28466
44968
1396
37071
42159
39573
35842
43230
42205
44012
27148
43179
47534
45450
47053
43866
40212
11016
47091
36941
36898
33019
45839
11925
41737
45554
42768
44995
2851
8724
46158
41157
33293
45538
45617
38950
40920
44371
45043
43497
43699
40317
42017
45831
36139
41259
42241
40788
40251
43715
25173
42259
42803
40193
46293
44919
44967
41538
37951
40795
44058
39782
44808
45343
38632
41998
43698
42584
45844
46243
39441
31298
44511
39828
46647
27928
27014
41274
33106
44535
40803
10590
31459
47567
45657
45807
9046
42909
43360
47083
30144
6569
33042
46402
37782
43989
43604
44077
43919
41010
43442
7045
37771
45479
43751
40048
47114
43936
4769
46373
10534
45951
42893
40300
37104
38753
30435
40392
43739
45434
41438
24539
47134
43613
43311
42031
24634
9044
39950
41260
40178
28492
37198
45986
8720
40901
46325
43644
32110
35551
36524
44004
43988
42478
46589
45047
46131
10731
44904
40825
43695
27798
37098
24362
44540
28757
46594
33908
13581
46050
15620
41017
9036
36994
40899
41607
32604
32343
42274
32289
43397
39035
12383
44880
37042
43910
41986
44428
46149
44826
33387
2777
39702
46695
46178
27431
37429
47311
46977
38980
46825
41407
34075
43987
38722
41320
42115
5207
45117
43522
46995
34115
45390
44265
37938
44678
46966
33386
36263
45478
42526
43061
41888
32901
24082
24643
21592
33186
41471
45420
41552
45205
46503
35827
44726
39705
39437
39760
45747
40860
38698
42671
33510
37832
12721
44093
46421
31799
38415
42315
45197
23907
29973
40024
34256
44325
40214
42023
32073
44985
13564
42413
38634
28458
45580
37487
41395
46707
41694
40387
3639
45373
36999
35624
44769
37973
42672
39611
43302
43921
36553
45621
28209
25962
44549
44063
37883
39416
45740
3382
17395
27049
47417
45997
47404
43934
41871
45826
44336
47136
44735
16112
42022
21612
45064
44773
36998
41377
27517
45675
40161
46974
41381
37290
31699
44828
45987
43299
39293
32320
44811
41406
43851
38410
42223
41464
35632
45022
40926
42113
4783
41134
44569
43429
32057
6896
22612
33509
14228
42174
33280
28240
28976
38419
41901
33847
41212
44559
46701
39253
43438
18759
33178
39539
44071
42865
31934
28839
23277
42372
41283
40751
27519
37398
42467
44762
34120
44724
33097
47024
47205
43697
41599
44949
42774
35813
43870
11638
42735
46215
40129
41133
37889
38281
36365
41171
45654
37155
25048
44118
39661
47038
34034
37588
33848
45980
6428
46246
18187
37679
36532
38984
45640
31332
31415
26254
42197
27175
35557
28211
42077
46916
31528
39518
39435
40220
38737
40903
46463
47097
26133
38110
46269
47203
44954
21416
43597
44935
37478
44603
40005
41334
7698
47085
43888
25994
46920
38609
45426
39063
42586
37822
43551
38996
47436
16847
43099
39966
40718
18762
31733
40361
47005
40393
36913
45727
28597
46983
31233
42574
27700
31946
42408
46112
33204
39216
38190
40121
36567
46317
42282
46845
39328
41487
38974
38560
45658
43187
41235
27997
42788
40972
45295
45329
33123
34950
33498
34789
33707
40286
35893
20701
40786
45911
39765
37519
34045
22544
37871
37955
34891
33558
40728
26680
27185
43693
28330
41931
44897
27226
33225
46422
37489
44444
35382
29873
44939
27032
42266
38325
38151
46365
45572
8921
40422
42370
38067
42049
6945
40713
38436
38545
42192
45485
43756
42436
10835
45110
45451
33296
44426
42306
42104
25850
12033
19990
46146
46582
45970
35837
29813
27510
42015
28592
47010
28463
43495
44235
44479
44856
39158
41504
41204
39756
43560
43594
43323
23891
43115
32181
46202
4842
41032
27570
42942
40321
37582
44112
33793
46618
44014
17928
39466
45850
47473
39701
41988
42871
42389
40491
34611
38432
33162
45666
37348
47338
44303
47317
13576
24093
21154
31352
45882
37953
44600
45709
44815
43983
46987
33943
32124
44824
43790
36535
43214
44333
45011
44069
43073
35715
41214
34512
46529
39602
41863
45661
39646
18718
43194
39726
40639
41914
24211
46107
30634
46914
47358
4680
43220
43127
40857
40500
45499
42311
46385
44308
39143
27034
33175
46548
32366
37153
40783
28467
43549
42581
28645
43196
43994
13567
47583
38354
6071
42555
35717
28074
36729
38269
44952
38495
37929
38326
41213
41593
9403
18203
22614
26681
36656
45814
27484
45240
43691
39043
37510
42108
40093
37454
45512
44552
37485
14223
38199
41690
46418
13613
39412
33163
38477
40908
42655
41180
38821
31418
46573
44299
44998
38908
34826
42132
46572
38687
27995
44439
42711
27838
33508
38378
43898
25852
44180
37965
43363
42129
37720
43700
44125
47565
40749
45356
36109
3645
46953
40162
47126
46636
7514
45462
32145
33592
39622
37389
40791
39981
41456
3215
42053
36425
41290
9455
47189
12198
40496
45326
35629
45280
42688
35880
30704
45330
34356
17409
44370
39106
37678
32130
22429
45606
44179
37897
45919
44501
34589
42100
44460
43493
33294
38734
41734
40364
38238
26034
44579
43786
31648
34865
45615
37905
41150
45186
34816
24664
45672
40087
41606
41236
43054
9023
43617
28599
37190
44827
33206
43204
42450
24624
47396
15891
42766
39257
46022
36734
46783
38685
23925
47026
46555
46645
35849
37109
42041
42834
39792
25454
28754
45935
45746
13701
41331
42929
46177
44467
41391
27501
27630
46102
40184
45363
20386
37388
26773
42541
36492
42429
35368
34539
43411
44132
45066
16297
44360
40256
42868
46614
43532
45061
40977
46714
40429
35127
41439
39210
39817
46558
44654
45954
38441
46954
45477
38801
44604
22608
42933
41149
38778
44931
40316
46686
42534
37551
47445
45766
33213
38876
45366
45988
46685
45297
40010
39577
41310
14221
10225
45468
40700
35566
33864
44677
44537
43682
37677
44704
46197
44166
41251
42331
29891
46791
47223
44096
42105
27986
47257
25569
44750
40758
26044
43528
46801
44084
40318
43583
1816
27173
36228
25043
38946
34162
37654
44543
35194
44602
43713
45667
36316
46128
45965
36573
21414
40072
30674
46580
40133
33316
31524
37954
44493
8919
44113
43183
47472
43418
40694
46535
41665
46664
47335
45371
44185
42179
27415
42882
47576
46333
47481
39504
23760
35171
39772
18202
34943
44231
45494
42250
47388
37453
40424
42747
2323
36368
38239
20703
35467
6388
46455
34595
36896
33176
35736
47435
41077
43413
44708
40463
46099
37914
46525
36912
37986
39594
39838
47401
44733
42199
44434
42660
46311
45073
38430
18708
43667
37154
46577
43489
38493
23444
38431
43208
20033
44319
44500
28991
37380
38303
44446
30024
41483
45514
36899
42618
43284
20655
38394
43963
46517
40478
47455
46761
12064
41309
6975
30574
33211
40084
17397
42386
43147
43718
46520
41158
16732
8634
25079
43571
46805
7197
35885
19075
39230
39526
42405
47178
39432
1884
41683
47241
44629
37479
27783
28093
41446
40281
46765
39235
44633
30818
33091
43912
44184
37985
45857
38647
42898
43103
41759
24622
9041
8992
42745
43379
32241
46108
47575
22183
45995
44223
43199
43776
40272
47278
45144
27996
39578
40910
45872
38245
43668
45852
43331
25450
8313
33020
46306
29432
29711
40735
27176
40797
39244
26836
42343
19503
28644
42884
42284
46323
46708
46252
39467
42926
38517
1833
34862
42078
4446
47385
45679
39951
47132
39785
33088
29717
43406
27518
47447
42302
44623
42176
17373
25821
36786
33323
46424
43601
12652
39700
43412
44694
44172
39093
40098
3313
44637
43869
37932
43444
36236
47107
29246
41936
46309
47574
43060
35064
38820
37686
24378
43205
37926
28980
46291
40280
34996
32245
26459
37900
44317
43510
38456
31398
40235
46499
39183
41857
24540
45770
38207
39624
42143
42520
29204
43886
42869
1919
33846
33151
34859
41749
34378
47217
39533
38813
35548
45376
43337
45993
37556
26158
32611
32025
8227
45312
46292
46640
10197
44573
41551
32618
44644
46057
36384
44050
47556
46615
46032
31327
46669
33226
47261
47016
47491
38122
44155
41534
4928
36282
45868
43256
42131
44055
43372
40812
41380
44845
41100
46156
9390
4678
44330
44187
33188
41000
8920
46132
42036
47230
44502
42073
44700
35603
43102
35000
42667
44736
36144
42447
37961
47514
44973
38192
45533
45488
27522
22583
42376
14226
33089
40480
47571
22525
45483
46919
43778
35848
1366
46829
45920
37216
42726
41626
9047
40897
11071
43683
45611
24819
46326
36914
30544
41159
27192
43647
39767
46080
41203
38938
44181
46970
46691
42905
47355
30123
14230
40815
44659
46839
41289
40269
44328
41476
28070
9350
18193
36381
38975
43182
42738
43534
42245
40296
19959
43924
42050
46233
38487
3632
45423
46968
37578
25770
44960
16120
44318
46611
46942
22532
36227
15124
39386
24639
46423
45957
31021
40484
46072
43929
27188
19929
43651
47281
47001
10837
42059
39188
36711
39962
35643
22624
29814
45616
38836
27973
45772
28643
6159
44043
6250
15888
45757
47544
47352
46063
43914
45787
46037
45284
41003
47186
40033
36217
38516
45037
14224
46117
31235
46689
46946
44772
38377
47319
46162
37275
41777
39748
5555
31674
40035
13518
42253
39402
42715
27980
45877
32210
16042
32174
47572
4679
36485
47503
40706
46790
28595
44917
46264
43679
44400
43049
41044
39517
5882
35174
6427
44994
27927
40009
42208
47023
43305
46672
39984
29230
39394
45614
43287
15317
40922
37285
46521
31884
43789
44739
40222
45456
30263
36424
27329
39026
43056
40640
42713
43090
42149
22543
41561
47287
43118
44571
46717
11283
35740
42633
46501
28046
46527
38565
43383
38729
9397
25327
12655
31786
33505
42335
45496
45429
25932
40086
45571
47187
22796
8670
43381
38881
37498
37043
42065
41305
43391
41084
41195
35325
9037
47052
39555
28547
38407
36204
42896
46725
41266
43193
44684
47580
46070
41891
38686
21888
40287
31929
39762
33180
33181
47135
37599
42908
40841
41695
40225
46874
44405
45524
39144
46085
44526
14216
46870
42083
10069
47304
44660
37428
40363
44951
41722
42845
40466
46780
10834
41040
32582
39419
46153
46141
9402
31476
46900
46447
4797
40796
41162
9680
33183
25997
42895
27280
46532
14217
44906
29146
40187
43625
39766
36752
44783
45646
42759
44380
43369
34067
42270
44938
37740
37836
20706
45392
43373
33115
35695
45350
40709
34920
47181
41672
38130
41360
27946
44593
46170
6950
9400
43959
40238
34176
45933
28974
41860
40160
41604
32133
32103
38862
43774
28092
46736
41292
30970
43266
40907
39207
40216
27250
46674
46290
22616
47442
44932
41525
43392
23754
44971
39771
45226
41053
40019
37948
44958
44017
44617
31920
47153
39566
33234
38814
41535
45132
42229
40018
43300
43255
46979
45643
32348
40993
41978
9399
9608
42016
46347
47004
45544
45204
41984
46452
42383
38748
46075
35369
37772
42163
40213
40849
44092
42126
47434
14141
39524
43738
44094
33098
36357
40919
42396
25656
45362
34074
44104
43984
43390
34617
37835
47511
47413
45332
46203
25765
41330
38322
27265
20693
45704
45692
43552
42590
38564
47457
45251
44758
45647
44691
40686
6938
42807
35364
45127
25802
16892
43841
42764
39058
35322
35072
45811
39453
24627
42873
42407
43422
47353
13575
39644
43553
44471
46569
36427
41951
42789
3229
40113
42855
46592
27035
41701
42594
38476
42704
31284
31494
27476
33199
43743
46963
11560
45539
15822
46139
27283
33615
40611
42412
41382
28331
47521
10061
24352
39563
34376
35001
33171
34579
44083
45786
38890
41060
43366
47198
41227
34839
38486
36663
47216
46590
40498
40119
44710
45150
23030
47553
46513
47263
35594
46940
21056
15303
42857
45967
14282
29414
44842
41925
40055
42838
46635
40315
43669
43555
29444
44323
36751
6421
21740
47117
46843
46534
43674
24374
18755
4781
16154
40829
44228
39540
44034
46772
33214
44989
11459
11573
43304
45057
41752
18897
43288
39148
40120
23556
37849
46238
45220
35003
25147
33134
43741
42653
35630
15663
47504
47068
39034
39197
8712
43948
18944
24665
45129
47172
45552
42272
28870
40881
43676
46261
46213
44372
46188
31998
46624
44383
42151
44465
46082
27281
41549
45794
45472
47310
20656
47199
41997
44911
45089
40025
25591
45235
37044
43874
37469
42325
22531
5554
34861
43823
42203
39956
38754
46926
44831
34150
8979
39535
44134
35914
23494
45368
28990
44483
37302
42382
45041
16744
28423
4452
39788
43536
43708
28048
32080
38092
41645
43930
46195
39531
47339
46259
46174
46031
47271
37873
32078
42658
36804
44143
10070
44619
43684
45733
43586
45081
45068
14343
46795
34411
43825
41496
45769
41862
13204
9050
39295
43112
46041
39406
45969
44177
44531
44751
38030
41990
43607
39138
28254
42757
44322
45597
20290
3171
36145
33497
38643
44367
45324
45912
46586
45042
34707
46363
47313
43065
44227
38631
41887
46263
41369
41288
43811
45693
47284
38134
44628
43768
37781
27509
40192
43185
37833
43260
44712
21185
28998
39390
46166
26401
46065
43181
40609
45460
27566
38409
36735
39575
46040
45503
24339
10299
43570
45883
39750
43124
31349
43752
3409
21411
45418
39211
44779
46125
36216
39229
45579
41500
3709
28465
37957
40918
46626
18173
27469
33803
44346
25306
44583
43939
45432
16331
41520
42294
45889
46907
3310
35915
8723
29714
41278
1857
46809
47382
36140
45600
45486
44599
28091
44981
24319
46609
35002
41843
41651
42864
11885
36028
41597
44302
17405
31645
41056
32322
8916
43901
40250
24377
42518
40973
43798
46280
41629
27843
37426
1922
29032
47027
39434
21413
44359
45384
1284
46703
38792
47390
20342
17408
26212
44894
46321
43170
40745
46417
46733
36490
14342
46505
4026
22610
20679
46374
44521
42683
36846
41680
45798
38810
40077
47323
35042
41915
41064
40654
38909
27803
46343
43559
41595
35384
46996
46781
42344
45550
40339
39038
46113
45054
46533
34151
47182
44219
40457
44718
40372
46409
37847
43511
27321
38941
24644
26045
46104
16299
33899
42354
44776
24276
37320
38128
4025
20689
45546
44756
45493
34152
45247
44565
26047
32114
24375
41264
36119
37121
42172
34855
42025
31776
39152
40052
38691
34379
41459
41900
33209
26046
42290
45352
42998
42308
45684
15528
42737
43367
38782
35595
43592
47270
23278
45690
36885
31641
24461
39173
40958
29867
11275
42375
37655
40774
46608
45103
44148
44150
46000
20507
21158
39330
30894
42232
46138
39541
30151
44875
39403
47168
42876
46257
42277
43561
43764
41368
47267
44321
44196
37177
38221
46662
44016
47040
40685
24392
36392
39961
42162
45623
41717
37013
31647
32135
30555
39781
32898
18423
43139
45613
34310
4868
47060
46116
41403
46997
45153
46151
46804
41138
41980
28601
47188
36018
42175
8792
27920
45983
40130
34910
38345
14200
44382
41007
43904
47119
32191
8924
39278
36628
37818
3018
9392
13284
33233
46319
31498
46255
44780
32107
38843
46961
44857
42914
43138
39198
4938
42156
35660
47365
44883
43578
38742
47554
42029
28461
42853
45805
40227
18884
34535
45074
42827
33174
40501
39645
42563
36646
10065
44338
38738
35552
36229
38173
39988
11281
31230
45517
46868
11639
44152
44818
36318
34704
28425
42989
45258
47366
45157
42489
43105
39761
46896
40320
46258
42456
37962
47033
40066
33781
47516
36071
38073
20308
43375
22945
38420
34706
36110
46837
39126
43920
46993
40123
47071
42527
42593
15886
4124
24534
43319
46083
27525
29860
44988
43454
38903
27282
42760
46190
12346
42477
43505
41126
30646
3224
32006
45768
36875
41375
41352
38185
31355
47566
43859
45242
46144
36565
39470
33153
47127
41041
4418
28138
44775
30794
38074
45545
44663
14214
44293
14020
31659
46568
29177
38451
36920
39178
42068
10535
7531
40058
45355
24321
46160
44490
38398
43134
10739
39398
21156
42904
45792
39018
25554
3642
40074
36062
47112
40142
27242
38719
36785
27503
43440
40000
47018
44183
47276
47208
40921
4410
37644
45159
25171
33173
35809
43843
45170
38029
45208
42240
31444
37865
46235
45408
41774
28004
46950
26769
27174
44840
40831
47439
47170
42236
41704
32008
39054
37823
39042
28223
43716
45586
36939
1805
46443
44238
43490
47437
35445
42459
38526
44443
41341
11863
44814
45648
27806
38512
40678
39008
42254
44402
44901
47145
47176
44516
41527
38086
44556
40641
42039
43463
47086
41956
41996
46976
29679
33196
24501
42727
43788
42823
20431
47066
43618
25995
41231
5945
44740
40651
43308
44102
44624
43457
46867
5666
39397
45219
33816
26857
45942
40036
36921
44683
38362
47364
43802
17823
27801
41904
34013
46748
46554
45033
42532
40143
40171
47183
42185
41295
46821
35006
46619
43470
30504
42856
45876
18457
18761
43554
43558
34860
40325
45480
12062
30008
33494
42260
23116
11513
47036
18436
39786
30895
41663
46710
47286
42912
46434
26865
36707
46196
46768
43338
45092
43492
41383
42529
44482
36585
7043
32075
40637
45834
38864
40103
26622
46247
33712
42501
45565
36210
37276
29424
39835
44843
4896
29205
42373
40824
44396
40204
37851
45198
46367
44337
42448
31533
46124
45762
8937
47395
46988
37436
42570
40420
44789
46118
43593
35188
46679
42010
43521
32938
27565
46675
45501
42937
46902
44877
27181
38951
47055
38115
45118
45223
11224
14227
26250
44753
40828
42826
46308
44551
45631
35959
37691
42384
47180
45556
37518
30516
47151
37757
46130
45152
18754
45195
45548
42538
41169
21140
41321
38834
43110
46785
38914
38775
46955
37758
41912
44031
41543
41594
38064
46871
47210
42106
21170
41097
39998
46429
42322
45173
41393
45843
39040
44138
25328
46430
17374
43252
44110
40040
43452
37913
44222
43620
45365
12643
37175
27704
38368
44757
7910
15344
4931
46523
40271
24640
44142
33496
44507
46320
27524
44117
25453
27191
38541
1855
45720
44900
41705
43944
42812
42180
41001
31526
46827
39182
37626
44768
29722
44895
44820
46925
46918
35414
39507
42685
27628
43108
9373
21300
24730
32892
25284
46181
36750
37263
17366
40954
46028
39685
21412
20688
44561
26805
46680
28042
46448
41603
28255
45372
41667
6947
38882
43722
46929
43707
44024
22621
44108
42304
25400
27499
39137
46245
45231
38408
44505
26797
37266
18201
37310
19187
47046
40107
31042
40933
35227
41362
42843
46087
39400
46721
39438
39149
37158
36850
36150
44292
35380
14179
40356
38626
45187
45459
35081
42836
41376
36151
16976
34410
47009
6249
42457
38471
37055
43069
15940
45062
40031
43814
44431
28593
42637
46866
34849
44822
45502
34851
42763
43207
27184
40351
45851
38749
42441
39763
46312
32082
38817
36315
45541
12654
43704
20685
38166
46049
45096
40292
47411
39476
41536
33236
43117
42549
35466
38390
45523
18717
28393
41250
41659
41008
44523
39079
36190
37040
32177
45784
45224
44695
47008
38442
36469
42124
46663
20024
45929
46191
43341
27230
45230
47431
37450
42903
40111
43608
42746
38812
44353
40827
18753
42901
47282
37972
43353
43226
33208
44679
45753
32736
40382
4695
22916
46552
6005
46441
46390
44045
39580
29200
45821
46666
43634
42938
44377
31870
33295
11531
31210
44175
39799
10080
43687
33595
6953
39023
47096
35069
47124
44597
47463
38771
47489
46476
42051
43152
39102
43436
39101
46042
31966
38926
42239
42116
11026
46350
47100
40945
18191
43826
46426
39663
45689
42913
25182
41324
40461
43313
40108
45863
44681
46067
46859
37015
44641
47513
47072
42034
44049
11018
46980
39501
34850
39816
41616
43646
45796
42587
44544
36199
44445
46651
45445
45599
45736
19191
43748
43894
47462
44309
42647
46029
43833
28563
44817
46606
44674
43502
37963
39712
47128
37123
41294
43356
45749
22405
47234
43515
32895
47418
44940
43336
43599
42601
40720
41163
1804
45592
43619
28591
24304
40701
44447
33023
39172
44928
27213
43606
25148
43297
41026
42558
22800
12087
42628
38796
45270
39307
42327
40906
6940
44829
39226
42091
41827
45755
31788
35465
46272
30795
41913
46134
41415
46356
45527
43119
34999
46838
45729
45958
42183
47125
7593
45578
12791
41432
6939
26243
26588
47328
43576
46904
39609
31928
17398
45898
46305
8918
45628
46643
40502
42038
47174
42404
44305
41444
41708
28845
44324
39240
37304
47152
41215
22344
3148
44349
38513
38540
37391
31927
40029
40952
45449
45277
47166
45257
37301
36460
32406
46759
44616
39442
3062
37575
35845
46690
43516
12685
39445
24315
42533
34527
39022
34879
41755
42849
45158
42248
41899
4023
42682
47218
37863
43410
19621
27319
47054
39021
44881
45624
46410
4796
43137
33165
44791
13972
41625
33499
27918
46129
42928
46176
46296
41907
45810
45281
24317
45163
43514
41614
30392
39608
43174
9467
43478
19502
23275
43506
40782
46999
7198
28460
45925
47371
35631
44536
42072
45348
39184
44078
9034
45287
24663
43417
41067
39246
39128
43106
46055
47374
47233
33229
32074
45791
38787
42877
44373
46400
42709
47519
46632
23276
41465
46302
41675
37904
47011
39803
42471
38668
40979
47415
3395
31395
40037
47250
40963
41186
41490
41826
45737
20705
38923
41263
17410
40522
38985
33708
42095
43600
41072
44728
40267
43439
35892
40947
43949
43685
36794
39529
32319
46802
40969
33919
43755
43650
17745
45072
46601
43329
41090
44529
45269
34863
47522
37796
30644
35754
47536
47147
38554
8930
40911
42178
37704
46241
32035
14907
41359
38264
41608
39632
33278
28216
40080
42071
40777
40156
41344
45961
35415
43125
44992
41583
27322
45461
47557
37621
9032
44833
36986
44630
41952
33101
17404
47017
33155
25141
47258
40816
41006
39607
44355
45509
44378
34866
37087
43525
35843
47275
46794
38425
44393
42662
33215
9393
42673
43172
27527
47101
33161
37884
39642
40110
47014
37785
44832
46193
43109
2604
43845
27722
45915
46787
41061
32159
45055
41989
43567
40612
33172
10059
45182
44237
33166
44015
38811
42680
45093
4804
41277
41043
8225
47419
46382
46803
12099
34293
28167
41302
43588
47035
45393
37321
46273
42552
29419
27507
31309
47064
47204
47425
45338
45276
32365
42890
38198
40355
7699
27279
40004
45233
44335
28325
45328
45656
8715
24621
39775
47006
41240
47540
41386
42377
12378
44385
42631
45446
42524
44354
47460
44948
45952
40469
41429
39537
25405
47116
43479
45031
46656
29866
41389
37643
29597
11629
47378
41700
42821
41537
45136
47469
45818
46237
44154
45394
42930
39074
21009
43662
45388
4782
41055
46559
43761
40229
40655
42054
33944
39525
44442
4654
29031
41291
30089
32269
32937
44041
28444
40389
45250
35549
41374
41533
38452
29893
39309
43459
45835
42850
42261
41145
39272
43178
38627
35385
36633
43503
35351
27784
47341
47239
42546
46163
6015
44432
5141
44365
14143
45931
39418
35335
32378
40792
38948
37457
41751
45050
41233
13038
47237
33507
19193
45830
47438
47453
44671
43221
28165
45804
45530
13922
33506
38823
42168
36673
42310
41281
39033
41370
43384
39189
40459
41657
35894
45865
38277
15339
38642
44615
39802
40344
45306
41954
37420
9031
43399
3060
38343
46524
41823
46889
14231
46371
27169
44642
38636
43512
24817
34434
40360
46337
27316
45653
41666
46419
46971
41372
42561
11556
37211
41577
31924
41173
38142
40273
34912
39791
4933
35847
41742
43267
46387
44879
32607
40851
28462
8641
42109
24069
42437
42128
41615
40939
40064
36884
44488
44311
34547
36281
43071
45385
40380
43794
47244
44392
27504
43745
27512
46161
34871
40203
9039
37520
44649
42810
47138
23286
44830
39751
41613
41265
42481
41699
39174
45364
32190
8716
37895
33728
43535
46475
25298
42931
37901
46062
7708
36852
43370
37442
31941
39424
44869
38865
40007
47043
27182
39714
42741
47050
47407
41326
23984
18435
38845
44618
43942
33238
41348
38424
37793
31652
45495
37307
26204
46169
42595
38536
42030
37536
46286
35688
38819
40343
45845
42934
31074
11915
45635
44061
41303
22769
44854
29030
41598
45695
10057
41959
43712
24820
43414
28600
42439
45832
13563
42771
43465
38897
39985
45620
46355
37050
23196
32374
42134
38797
38577
38043
37016
45075
44903
34035
37529
16474
43107
33800
46661
30645
37120
43523
37004
35628
41398
39250
38355
46562
40832
47143
47075
41397
37719
42707
21534
10836
24376
46584
42497
45652
45360
40476
7139
43095
40737
37622
44580
31651
28063
47211
35515
45745
47305
46571
47334
32403
47363
45310
44657
5134
36787
43702
46092
46415
27502
45162
39587
46967
8936
46281
42544
43598
43476
37152
38774
36863
37940
34787
34875
44076
34966
45302
41634
47301
24732
22857
38428
38570
23288
47427
47118
31236
45217
45825
43926
38382
41347
42496
38555
44011
45323
40228
41962
44666
38290
46519
45708
47354
46412
37971
42918
40894
46148
41479
44841
37610
23153
35004
47325
32900
46697
37554
10228
27631
37024
45725
45884
43340
33745
44307
34119
13037
31297
44424
45975
26685
40155
30585
44005
41982
45080
47109
29869
45923
39391
4437
43579
32608
45822
39764
40604
44294
39597
46256
35846
44368
47022
32194
44040
28237
44163
42442
46602
46566
37124
40149
11274
43455
44510
42268
27171
47251
3426
29020
4693
36987
43122
44326
36489
45649
36834
27212
38773
42267
12262
42355
46892
25961
45243
45622
47103
40775
41994
44350
46136
39716
45291
46923
46391
47193
45288
30548
45155
41054
38356
38406
46514
43573
45540
47424
34940
47506
41217
42562
14225
43887
44327
47582
45641
33815
45114
43626
33251
42708
40357
33160
45999
34900
43946
35427
42761
44774
45077
11659
46279
17910
38472
8779
47062
44433
43840
45955
36143
31751
39605
43263
46723
12936
40226
27170
33814
35375
37136
34073
41627
46239
5553
43909
45723
26445
46398
41745
45921
47414
36212
46358
33649
36670
37403
33798
42483
47021
44103
36330
45642
44620
36428
36366
11418
46873
41078
33150
41223
39153
23021
47222
37475
44725
36919
40349
44885
3655
42663
46788
35879
41136
41137
26038
38818
21447
42301
38455
28256
45605
34528
33547
46880
42604
46014
35739
42486
40224
43725
27179
45913
23274
28043
31371
30456
46172
42824
45314
41298
21648
14198
35436
6946
44887
43450
45917
33139
29865
46047
43991
37728
39276
33004
46883
40505
41489
40054
26868
46030
43484
41498
3986
19926
32677
40021
45808
46546
41596
5274
36235
44557
36493
31497
45699
44631
42446
40371
41733
42775
46658
39588
46822
3712
46718
27189
45172
30880
23251
31493
40288
24083
47367
47569
41919
46973
39481
37068
40373
41161
46981
40362
41222
43158
45809
25044
30904
40950
11223
45575
10430
31829
30221
43872
3311
41493
41530
46887
39204
11661
41394
46581
45887
39112
9565
15302
1839
40773
38358
41542
36940
40328
38514
33021
42333
45971
36541
23229
45079
43325
45632
42470
35636
36308
37749
40151
47350
47500
45227
40069
40384
41384
45147
45992
35999
44450
28646
27172
39123
47520
40817
42791
43092
42661
37840
44737
42086
43652
41894
38381
38628
42387
41611
43531
24452
44418
35065
35087
37861
39604
46013
4692
39260
8927
14195
36996
22619
44158
46681
44564
39431
30551
39017
44316
10351
41463
45529
37491
43448
39292
45165
46285
39099
40177
25140
25100
38968
41656
45735
44480
44876
38523
44035
45815
46416
18391
46603
12793
37623
44701
33022
6941
40217
45854
45660
31361
46101
42352
46056
36661
40482
39414
47505
42564
42852
41546
25181
43474
31978
44421
24234
47111
46486
27974
40174
30981
24989
38184
33140
11529
46276
46152
44366
40794
46198
39449
23908
31499
45731
6098
45665
34368
35150
44025
43726
37397
36339
47474
43167
46236
46036
45669
38278
21172
40819
16127
40850
32144
45891
41218
39826
31873
36147
45966
30390
42246
12889
37640
38930
45196
38153
39827
39208
36930
36001
46847
33779
44234
16747
33135
45102
42345
46068
7939
46376
46179
32427
42697
45589
18424
44859
40481
33142
33780
13577
40430
42567
38475
46270
45171
44197
24222
42293
41339
41270
26247
38877
42103
38225
45760
43211
26143
40949
41181
46069
13697
39030
42309
6949
41128
37783
40784
46975
44481
38229
39519
43956
45590
34616
39561
42714
47264
46339
45099
40942
45335
42493
41423
40032
4891
40088
40468
35997
41205
45193
37188
47196
42657
46633
26213
47324
40164
46539
26686
25280
16733
38916
42296
42525
27150
46115
42090
31354
34994
46621
40646
45607
44331
46591
45677
42733
46043
37664
39393
29029
12029
44870
37680
40210
46553
45841
41048
38335
31835
47458
46860
42728
40895
32549
30090
47228
27539
44589
45673
43943
45300
41019
25042
44687
45346
29268
47416
47387
47158
41688
22622
40499
44364
42135
36192
46061
40744
46348
47542
34998
33191
44085
45489
42848
43165
41854
47552
45701
42392
23563
41491
43293
45473
31333
46304
23725
39829
34899
36579
44790
39719
43782
45131
45940
43351
42748
46878
21242
25373
43210
43896
43638
3643
43279
37784
25822
43229
39723
46218
41225
37371
20524
40154
33460
43810
2595
25449
47079
44912
42502
1259
45714
46909
27149
44046
24590
42152
46875
46395
45076
42401
45864
47327
45795
36843
39020
47485
42809
46712
16914
22605
36917
45194
28090
44438
35363
43149
44893
45179
46058
45087
43779
44018
38321
46764
39475
46303
41531
46659
44835
5499
39813
31650
43605
43526
40492
43254
43364
47381
28456
46204
43806
46719
36269
46394
37659
40207
33318
42213
43953
45422
37828
46754
36245
43289
41445
44044
28655
45377
46595
45604
37576
42600
43967
42014
43952
43307
47531
42194
38553
26835
42512
44585
44519
38433
29416
46724
44987
19190
45317
37486
44509
39742
44672
47530
46397
42427
45738
46964
45361
25045
45838
41756
43451
34071
45562
41168
46549
32063
36059
2591
42589
12061
29098
36020
44591
38350
43799
1817
40707
31475
39975
36438
46776
47236
29005
42839
45049
31819
45465
46210
38056
42825
45398
44969
39031
42800
43518
46039
43792
42024
38164
42206
44639
32134
37090
40117
44503
31478
38855
46644
42596
37660
45078
42035
42814
44000
41151
16476
12263
38404
45007
43258
41859
42055
27070
41070
42415
41247
34518
8229
44473
38401
44761
43333
45133
44226
39014
46939
45115
44332
38795
43627
39699
47545
18757
46482
34377
38735
42505
43893
46540
46894
43818
37127
42674
41427
27802
44528
42338
40896
38334
19133
28061
38361
46035
37327
44921
6392
40844
37183
43114
36572
40693
47486
42464
45199
42341
43982
34040
43283
42921
39986
44496
22797
45167
39460
42146
40916
44524
39543
29252
41131
44060
46924
22775
45283
15490
44682
45140
37306
43575
46991
40114
36907
44145
24288
19050
42654
43334
24649
31913
43616
41346
41363
41740
43582
47380
38320
43913
44010
46564
41226
38728
43477
40141
39994
41858
38922
45989
43871
45286
44133
25252
46078
45063
22536
39965
41507
16046
38427
35537
42166
34791
38633
42572
46881
5552
45564
40948
41315
39968
24066
42716
40925
25805
40931
41568
6944
40135
45430
42911
40859
20687
44632
40157
38194
35755
46060
43500
28077
47488
18758
46490
40974
41612
43472
42579
21363
44823
46232
38273
37195
36521
46813
42247
44149
36203
39963
44051
45414
46729
45885
30177
38027
3333
41378
23733
14201
46820
27677
35379
47131
46044
26466
43271
47229
1840
29097
4951
43259
43250
47149
39192
40676
34848
40606
28326
35750
15279
40180
27681
33742
41781
40416
31847
45146
44408
28173
26031
45405
40410
43656
41575
36014
41141
39576
28997
42858
31932
42474
30605
42271
43380
46815
43173
46470
43218
47274
40996
46877
43264
39706
45840
47289
35070
37300
38641
45812
47013
28709
39029
42867
39415
42044
44301
44037
41421
44882
46479
31926
47049
42720
46832
42943
39686
40970
37215
24637
13579
46431
33231
23169
40667
16301
35751
44905
43317
44748
39425
35599
39007
42060
37415
47349
41005
41687
47518
42326
21367
46361
46142
4867
36523
34169
14218
40799
43482
34747
39427
41943
24498
45888
47232
45842
4936
33281
45379
38109
45345
44770
37014
44729
44139
45945
47277
40383
30391
40781
3443
33504
14215
43978
27414
39715
25447
46905
28588
40126
42216
46984
40172
13387
38385
25725
29271
33549
41776
47484
40691
45168
43298
46898
36527
45416
43585
36842
41716
22613
44974
40432
43420
43212
30543
34435
46876
44229
44731
38499
25326
44414
41301
37103
38414
42900
41256
46046
43972
47336
27177
40294
23186
32605
33279
9588
43955
40702
38193
44546
44532
44192
40369
43938
15301
43084
39242
8872
39777
46927
37862
39228
34997
19438
44352
29201
45853
30242
43985
37715
43374
46824
46642
15278
46747
11512
43639
21845
12659
45848
27976
41042
38982
44957
42323
45353
47322
44167
42217
41285
47370
46737
47333
42003
42018
9453
38888
13495
38367
46217
29861
46766
45688
44412
35730
42897
40008
29203
39094
42710
42510
15664
46381
44625
44970
20625
46740
45428
37947
42815
44855
5135
43767
46537
45871
45543
22496
46284
31831
38806
17935
3061
41622
25808
34507
34872
27508
45900
19620
36146
43401
43161
43853
22607
42463
25579
43315
41702
43590
43216
43747
33212
43062
39595
24316
36774
27497
45948
43542
19925
44965
46617
38921
46180
44567
42307
9384
47084
40467
44760
39215
44873
27190
2614
38736
34874
41731
46175
31413
12893
46145
42026
44997
17122
46071
33838
40051
41412
41831
35998
44853
47444
41723
42045
43435
43272
34699
44120
44868
44486
11660
24300
27561
43990
42796
43771
38108
11022
26278
31922
30552
39251
41094
32346
47373
37792
41153
46574
42932
41870
44734
47476
43705
41905
46567
32154
45203
43932
41152
47110
47408
43320
33545
47007
36234
36354
38494
34856
42342
46214
40697
33501
45537
33648
35464
35357
43860
40346
42169
28755
42751
42430
8787
38481
27788
43855
41392
34864
44915
36237
47560
42188
47179
39749
47255
46288
47296
